sz 27  (300,422)  (254,467)  (254,421)  (345,468)  (300,376)  (346,376)  (346,422)  (252,375)  (299,513)  (253,513)  (208,467)  (208,421)  (391,468)  (391,514)  (345,514)  (207,514)  (303,330)  (349,330)  (392,376)  (392,422)  (206,375)  (395,327)  (299,559)  (253,559)  (376,560)  (207,560)  (302,284)  (348,284)  (438,384)  (438,430)  (394,281)  (316,605)  (270,605)  (224,606)  (178,606)  (288,651)  (242,652)  (196,652)
sz 5  (1862,1015)  (1816,1060)  (1816,1014)  (1907,1061)  (1862,969)  (1908,969)  (1908,1015)  (1814,968)  (1861,1106)  (1815,1106)  (1953,1061)  (1953,1107)  (1907,1107)  (1769,1107)  (1860,923)  (1906,923)  (1952,923)  (1954,969)  (1954,1015)  (1768,950)  (1814,922)  (1998,879)  (1861,1152)  (1815,1152)  (1999,1061)  (1999,1107)  (1999,1153)  (1953,1153)  (1907,1153)  (1769,1153)  (1894,877)  (1940,877)  (2000,925)  (2000,971)  (1723,1175)  (1986,833)
Sudan  (1259,828)  (1213,873)  (1213,827)  (1304,874)  (1259,782)  (1305,782)  (1305,828)  (1258,919)  (1212,919)  (1350,874)  (1350,920)  (1304,920)  (1166,920)  (1351,755)  (1351,801)  (1258,965)  (1212,965)  (1396,890)  (1359,966)  (1313,966)  (1397,749)  (1397,795)
sz 20  (774,1484)  (728,1529)  (728,1483)  (819,1530)  (774,1438)  (820,1438)  (820,1484)  (726,1437)  (773,1575)  (727,1575)  (865,1530)  (865,1576)  (819,1576)  (772,1392)  (818,1392)  (864,1392)  (866,1438)  (866,1484)  (688,1391)  (773,1621)  (727,1621)  (880,1622)  (834,1622)  (734,1346)  (780,1346)  (826,1346)  (912,1474)  (688,1345)  (788,1667)  (742,1667)  (696,1667)  (882,1668)  (836,1668)  (790,1713)  (744,1713)  (698,1713)  (905,1714)  (859,1714)  (813,1759)  (767,1759)  (721,1759)  (928,1760)  (882,1760)
Tajikistan  (2045,181)  (1999,226)  (2090,227)  (2045,135)  (2091,135)  (2091,181)  (2044,272)
France  (695,25)  (649,70)  (649,24)  (740,71)  (741,0)  (694,116)  (786,102)  (740,117)  (787,0)  (833,0)
Botswana  (1148,1739)  (1185,1785)  (1139,1785)  (1145,1693)  (1194,1723)
Kenya  (1424,1295)  (1378,1340)  (1469,1341)  (1414,1249)  (1460,1249)  (1470,1295)  (1423,1386)  (1377,1386)  (1332,1340)  (1476,1387)  (1331,1387)  (1424,1203)  (1470,1203)  (1430,1432)  (1384,1432)  (1493,1433)  (1480,1479)
South Africa  (1222,1898)  (1176,1943)  (1176,1897)  (1267,1944)  (1222,1852)  (1268,1852)  (1268,1898)  (1221,1989)  (1175,1989)  (1130,1943)  (1130,1897)  (1129,1990)  (1253,1806)  (1314,1865)  (1084,1944)  (1083,2016)
Sierra Leone  (391,1022)  (436,1068)  (408,976)  (437,1022)
Tunisia  (824,414)  (843,460)
Czech Republic  (1094,24)  (1139,70)  (1140,0)  (1185,46)  (1186,0)
Cote D'Ivoire  (593,1037)  (547,1082)  (547,1036)  (635,1083)  (593,991)  (639,991)  (639,1037)  (627,945)  (673,945)
Sahara  (752,680)  (706,725)  (706,679)  (797,726)  (752,634)  (798,639)  (704,633)  (843,692)  (843,738)  (797,772)  (658,675)  (658,629)  (651,583)  (889,701)  (889,747)  (612,641)  (605,595)  (605,549)  (935,725)  (559,597)  (946,771)  (981,725)  (513,583)  (992,771)  (1038,741)  (1038,787)  (1084,770)  (1084,816)  (1130,776)  (1130,822)
Azerbaijan  (1631,284)  (1585,288)  (1676,330)  (1677,248)
Namibia  (993,1716)  (1038,1762)  (992,1762)  (957,1670)  (1003,1670)  (1039,1716)  (1059,1808)  (1013,1808)  (1053,1854)
sz 11  (1702,2187)  (1656,2232)  (1656,2186)  (1747,2233)  (1702,2141)  (1748,2141)  (1748,2187)  (1654,2140)  (1701,2278)  (1655,2278)  (1793,2233)  (1793,2279)  (1747,2279)  (1609,2279)  (1700,2095)  (1746,2095)  (1792,2095)  (1794,2141)  (1794,2187)  (1615,2094)  (1838,2070)  (1839,2233)  (1839,2279)  (1563,2306)  (1563,2260)  (1840,2116)  (1840,2162)  (1517,2306)  (1517,2260)
sz 4  (1538,841)  (1673,974)
sz 23  (80,1046)  (34,1091)  (34,1045)  (125,1092)  (80,1000)  (126,1000)  (126,1046)  (32,999)  (79,1137)  (33,1137)  (171,1092)  (171,1138)  (125,1138)  (172,956)  (172,1002)  (79,1183)  (33,1183)  (217,1048)  (217,1094)  (217,1140)  (171,1184)  (125,1184)  (218,956)  (218,1002)  (219,1186)  (38,1229)  (38,1275)
Canary Islands  (276,588)
Eritrea  (1458,844)
sz 10  (1996,2163)  (1950,2208)  (1950,2162)  (2041,2209)  (1996,2117)  (2042,2117)  (2042,2163)  (1948,2116)  (1995,2254)  (1949,2254)  (2087,2209)  (2087,2255)  (2041,2255)  (1994,2071)  (2040,2071)  (2086,2071)  (2088,2117)  (2088,2163)  (1995,2300)  (1949,2300)  (2112,2301)  (2066,2301)  (2000,2025)  (2046,2025)  (2092,2025)  (1999,1979)  (2045,1979)  (2091,1979)  (1999,1933)  (2045,1933)  (2091,1933)
Sicily  (944,334)
sz 21  (471,1204)  (425,1249)  (425,1203)  (516,1250)  (517,1160)  (423,1157)  (470,1295)  (424,1295)  (379,1249)  (379,1203)  (562,1206)  (562,1252)  (516,1296)  (378,1296)  (563,1151)  (377,1157)  (564,1298)  (361,1111)  (333,1250)  (333,1204)  (608,1197)  (608,1243)  (332,1326)  (331,1158)  (610,1289)  (326,1065)  (315,1112)  (636,1151)  (654,1197)  (654,1243)  (682,1132)  (700,1178)  (700,1224)  (700,1270)  (746,1167)  (746,1213)  (746,1259)  (792,1168)  (792,1214)  (792,1260)
Persia  (1824,472)  (1778,515)  (1778,469)  (1869,518)  (1824,426)  (1870,426)  (1870,472)  (1774,423)  (1823,561)  (1915,518)  (1915,564)  (1869,564)  (1870,380)  (1916,470)  (1961,521)  (1961,567)  (1964,613)  (2010,588)  (2010,634)
sz 24  (47,763)  (1,808)  (1,762)  (92,809)  (93,718)  (46,854)  (0,854)  (138,764)  (138,810)  (92,855)  (139,718)  (139,856)  (46,900)  (0,900)  (184,764)  (184,810)  (93,901)  (185,718)  (185,856)  (185,902)  (139,902)  (230,764)  (230,810)  (231,718)  (231,856)  (231,902)
Portugal  (473,270)
sz 16  (676,2271)  (630,2306)  (630,2260)  (676,2225)  (722,2225)  (722,2271)  (618,2214)  (584,2306)  (584,2260)  (664,2179)  (710,2179)  (768,2247)  (768,2293)  (572,2214)  (572,2168)  (618,2168)  (814,2248)  (814,2294)  (860,2247)  (860,2293)  (906,2248)  (906,2294)  (952,2247)  (952,2293)  (998,2247)  (998,2293)  (1044,2248)  (1044,2294)
Turkmenistan  (1877,190)  (1831,166)  (1922,236)  (1877,144)  (1923,190)  (1876,275)
sz 13  (1470,1850)  (1515,1896)  (1469,1896)  (1461,1804)  (1507,1804)  (1516,1850)  (1553,1767)  (1561,1896)  (1561,1942)  (1515,1942)  (1469,1942)  (1461,1758)  (1507,1758)  (1562,1813)  (1553,1721)  (1607,1859)  (1607,1905)  (1607,1951)  (1561,1988)  (1515,1988)  (1469,1988)  (1454,1712)  (1500,1712)  (1616,1997)  (1599,1677)  (1546,1675)  (1490,1666)
Turkey  (1359,285)  (1313,330)  (1404,331)  (1405,243)  (1267,302)  (1450,289)  (1450,335)  (1496,278)  (1496,324)
sz 1  (1006,390)  (960,435)  (960,389)  (1051,436)  (1026,344)  (1052,390)  (958,343)  (1072,324)  (1064,482)  (912,337)  (958,297)  (906,291)  (887,245)
sz 25  (27,367)  (72,413)  (26,413)  (0,321)  (46,321)  (73,367)  (92,302)  (118,413)  (118,459)  (72,459)  (26,459)  (0,275)  (46,275)  (119,348)  (92,256)  (138,256)  (138,302)  (124,505)  (78,505)  (32,505)  (0,229)  (46,229)  (92,210)  (138,210)  (184,210)  (184,256)  (184,302)  (124,551)  (78,551)  (32,551)  (0,183)  (46,183)  (230,174)  (230,220)  (230,266)  (230,312)  (124,597)  (78,597)  (32,597)  (124,643)  (78,643)  (32,643)
Senegal  (341,900)  (387,899)  (433,905)
Caucasus  (1574,81)  (1528,126)  (1619,127)  (1573,35)  (1619,35)  (1620,81)  (1665,0)  (1664,173)  (1618,173)  (1666,46)  (1711,0)  (1757,0)
Ukraine  (1369,0)  (1415,0)  (1415,46)  (1369,46)  (1461,0)  (1507,0)
Egypt  (1298,555)  (1252,600)  (1252,554)  (1343,601)  (1297,646)  (1251,646)  (1206,532)  (1375,647)  (1205,647)  (1329,692)  (1283,692)  (1237,693)
Spain  (548,234)  (593,280)  (547,280)  (594,203)  (584,326)  (538,326)  (640,164)  (640,210)  (686,192)
Oman  (1850,797)  (1896,785)  (1909,729)
Afghanistan  (1984,371)  (2029,417)  (1983,417)  (1963,325)  (2030,338)  (2075,384)  (2029,463)  (2076,338)
sz 3  (1361,164)  (1315,209)  (1315,163)  (1407,169)  (1339,117)  (1453,156)  (1467,202)  (1513,202)
Angola  (1009,1499)  (1054,1545)  (1008,1545)  (974,1453)  (1020,1453)  (1055,1499)  (962,1552)  (1066,1445)  (1086,1591)  (1040,1591)  (969,1407)  (1101,1491)  (994,1598)  (948,1598)
Algeria  (706,476)  (751,522)  (705,522)  (675,430)  (721,430)  (752,476)  (797,542)  (840,588)
Gabon  (914,1237)  (959,1283)  (913,1283)  (960,1210)  (1006,1214)
Cyprus  (1378,414)
Mozambique  (1446,1579)  (1436,1533)  (1482,1533)  (1492,1579)  (1413,1643)  (1365,1594)  (1388,1689)  (1395,1735)  (1349,1751)  (1355,1797)
Uganda  (1278,1063)  (1232,1049)  (1323,1109)  (1324,1019)  (1369,1105)  (1356,1155)
sz2  (1280,428)  (1234,473)  (1234,427)  (1325,474)  (1326,410)  (1232,381)  (1188,458)  (1371,456)  (1372,410)  (1186,412)  (1199,291)  (1140,442)
Ethiopia  (1443,1016)  (1397,1042)  (1488,1062)  (1427,970)  (1473,970)  (1489,1016)  (1442,1088)  (1534,1062)  (1518,1108)  (1459,924)
Chad  (1063,977)  (1017,1022)  (1108,1023)  (1029,931)  (1075,931)  (1154,1065)  (1108,1069)  (1001,885)  (1047,885)
sz 12  (1750,1838)  (1704,1883)  (1795,1884)  (1725,1792)  (1771,1792)  (1796,1838)  (1817,1771)  (1749,1929)  (1703,1929)  (1841,1884)  (1841,1930)  (1795,1930)  (1741,1746)  (1842,1817)  (1787,1725)  (1833,1725)  (1863,1771)  (1879,1709)  (1749,1975)  (1703,1975)  (1887,1904)  (1887,1950)  (1841,1976)  (1795,1976)  (1907,1996)  (1761,1679)  (1807,1679)  (1853,1663)  (1749,2021)  (1703,2021)  (1933,1904)  (1933,1950)  (1769,1633)  (1815,1617)  (1861,1617)
sz 17  (138,2185)  (92,2230)  (92,2184)  (183,2231)  (138,2139)  (184,2139)  (184,2185)  (90,2138)  (137,2276)  (91,2276)  (46,2230)  (46,2184)  (229,2231)  (229,2277)  (183,2277)  (45,2277)  (136,2093)  (182,2093)  (230,2151)  (44,2138)  (44,2092)  (90,2092)  (0,2231)  (0,2185)  (275,2197)  (275,2243)  (275,2289)  (136,2047)  (182,2047)  (276,2151)  (0,2046)  (46,2046)  (321,2197)  (321,2243)  (321,2289)  (92,2001)  (138,2001)  (184,2001)  (322,2151)  (0,2000)  (46,2000)  (367,2197)  (367,2243)  (367,2289)  (92,1955)  (138,1955)  (184,1955)  (368,2151)  (0,1954)  (46,1954)  (413,2197)  (413,2243)  (413,2289)  (92,1909)  (138,1909)  (184,1909)  (414,2151)  (0,1908)  (46,1908)  (459,2197)  (459,2243)  (459,2289)  (92,1863)  (138,1863)  (184,1863)  (460,2151)  (0,1862)  (46,1862)  (505,2197)  (505,2243)  (505,2289)  (506,2151)
sz 14  (1212,2178)  (1166,2223)  (1166,2177)  (1257,2224)  (1212,2132)  (1258,2132)  (1258,2178)  (1164,2131)  (1211,2269)  (1165,2269)  (1120,2223)  (1120,2177)  (1303,2224)  (1303,2270)  (1257,2270)  (1119,2270)  (1210,2086)  (1256,2086)  (1302,2086)  (1304,2132)  (1304,2178)  (1118,2131)  (1118,2085)  (1164,2085)  (1348,2042)  (1349,2224)  (1349,2270)  (1290,2040)  (1350,2088)  (1350,2134)  (1336,1996)  (1382,1996)  (1395,2180)  (1395,2226)  (1395,2272)  (1396,2070)  (1396,2116)  (1362,1950)  (1441,2162)  (1442,2070)  (1442,2116)  (1487,2162)  (1488,2070)  (1488,2116)  (1533,2162)  (1534,2070)  (1534,2116)
sz 28  (683,313)  (693,267)  (729,313)  (739,257)  (775,303)  (737,211)  (783,211)  (785,257)
Mali  (613,813)  (567,768)  (658,859)  (612,859)  (613,767)  (659,776)  (566,892)  (554,722)  (704,822)  (520,905)  (600,721)  (525,951)
sz 6  (2034,711)  (1988,693)  (2079,757)  (2033,757)  (2080,688)  (1987,773)  (2112,803)  (2112,849)  (1829,657)
Austria  (934,7)  (888,3)  (979,53)  (980,0)
Republic of Congo  (1133,1270)  (1087,1315)  (1087,1269)  (1178,1316)  (1133,1224)  (1179,1224)  (1179,1270)  (1085,1223)  (1132,1361)  (1086,1361)  (1041,1315)  (1224,1316)  (1224,1362)  (1178,1362)  (1040,1362)  (1131,1178)  (1177,1178)  (1223,1178)  (1225,1224)  (1225,1270)  (1078,1177)  (1269,1172)  (1259,1408)  (1213,1408)  (1167,1408)  (1230,1454)  (1184,1454)
sz 18  (412,1970)  (366,2015)  (366,1969)  (457,2016)  (454,1924)  (458,1970)  (500,1882)  (411,2061)  (365,2061)  (320,2015)  (320,1969)  (503,2016)  (503,2062)  (457,2062)  (319,2062)  (454,1878)  (504,1928)  (500,1836)  (546,1836)  (546,1882)  (274,2016)  (274,1970)  (549,1974)  (549,2020)  (549,2066)  (273,2102)  (453,1832)  (550,1928)  (499,1790)  (545,1790)  (591,1790)  (592,1836)  (592,1882)  (595,1974)  (595,2020)  (595,2066)  (596,1928)  (637,1745)  (454,1744)  (500,1744)  (546,1744)  (638,1821)  (638,1867)  (592,1699)  (638,1699)  (454,1698)  (500,1698)  (546,1698)  (592,1653)  (638,1653)  (454,1652)  (500,1652)  (546,1652)  (592,1607)
Bosno-Serbia  (1048,145)  (1093,191)  (1094,140)
sz 7  (2004,1269)  (2049,1315)  (2003,1315)  (2050,1225)  (2071,1179)  (2095,1271)  (2095,1317)  (2049,1361)  (2003,1361)  (2096,1225)  (2097,1363)  (2071,1133)  (2071,1087)  (2071,1041)  (2071,995)  (2071,949)
Mesopotamia  (1577,408)  (1531,413)  (1622,454)  (1623,400)  (1668,448)  (1668,494)
sz 26  (193,26)  (147,71)  (147,25)  (238,72)  (239,0)  (192,117)  (146,117)  (101,71)  (101,25)  (284,46)  (284,92)  (238,118)  (100,118)  (285,0)  (304,138)  (55,72)  (55,26)  (330,46)  (330,92)  (54,124)  (331,0)  (350,138)  (350,184)  (304,184)  (9,78)  (9,32)  (376,46)  (376,92)  (8,124)  (377,0)  (396,138)  (396,184)  (422,46)  (422,92)  (423,0)  (468,46)  (468,92)  (469,0)  (496,138)  (514,46)  (514,92)  (542,138)  (560,67)  (588,113)
Corsica  (840,211)
Syria  (1456,478)  (1481,524)
Greece  (1117,273)
Somalia  (1640,1111)  (1594,1150)  (1675,1065)  (1645,1157)  (1686,1111)  (1626,1038)  (1721,1024)  (1587,1196)
sz 9  (2002,1639)  (1956,1684)  (1956,1638)  (2047,1685)  (2002,1593)  (2048,1593)  (2048,1639)  (1954,1592)  (2001,1730)  (1955,1730)  (2093,1685)  (2093,1731)  (2047,1731)  (2000,1547)  (2046,1547)  (2092,1547)  (2094,1593)  (2094,1639)  (2001,1776)  (1955,1776)  (2112,1777)  (2066,1777)  (1960,1501)  (2006,1501)  (2052,1501)  (2098,1501)  (2020,1822)  (1974,1822)  (2112,1823)  (2066,1823)  (1960,1455)  (2006,1455)  (2052,1455)  (2098,1455)
Switzerland  (865,60)
Mauritania  (397,759)  (351,804)  (442,805)  (400,713)  (443,759)  (446,710)  (488,805)  (489,756)  (472,664)  (492,710)
Islas Baleares  (708,283)
Pakistan  (2072,529)  (2112,575)  (2087,483)  (2112,621)
sz 19  (323,1479)  (277,1524)  (277,1478)  (368,1525)  (323,1433)  (369,1433)  (369,1479)  (275,1432)  (322,1570)  (276,1570)  (414,1525)  (403,1571)  (321,1387)  (367,1387)  (413,1387)  (415,1433)  (415,1479)  (234,1386)  (459,1376)  (357,1616)  (311,1616)  (265,1616)  (460,1525)  (404,1617)  (461,1422)  (461,1468)  (505,1376)  (358,1662)  (312,1662)  (266,1662)  (506,1514)  (404,1663)  (507,1422)  (507,1468)  (551,1376)  (358,1708)  (312,1708)  (266,1708)  (552,1514)  (404,1709)  (553,1422)  (553,1468)  (597,1376)  (358,1754)  (312,1754)  (266,1754)  (598,1514)  (404,1755)  (599,1422)  (599,1468)  (358,1800)  (312,1800)  (266,1800)  (404,1801)  (358,1846)  (312,1846)  (266,1846)  (405,1847)
Italy  (886,124)
Western Sahara  (375,634)  (351,680)  (306,744)
Kazakhstan  (1948,4)  (1902,23)  (1968,50)  (1994,0)  (2039,46)  (2040,0)  (2086,0)
Crete  (1189,407)
Zambia  (1235,1588)  (1189,1629)  (1189,1583)  (1280,1634)  (1281,1568)  (1303,1520)  (1143,1582)  (1323,1680)  (1277,1680)  (1285,1474)  (1349,1490)  (1349,1536)
Cameroon  (937,1115)  (891,1147)  (983,1085)  (983,1131)  (1029,1086)
Morocco  (514,467)  (468,501)  (560,434)  (560,480)  (606,444)
Yemen  (1670,866)  (1624,885)  (1674,912)  (1716,826)  (1720,872)  (1766,870)
Sardinia  (837,257)
Saudi Arabia  (1680,674)  (1634,719)  (1634,673)  (1725,720)  (1680,628)  (1726,649)  (1632,627)  (1679,765)  (1633,765)  (1588,719)  (1588,673)  (1771,749)  (1587,766)  (1586,627)  (1586,581)  (1632,581)  (1542,720)  (1542,674)  (1540,628)  (1540,582)  (1540,536)  (1586,535)  (1494,639)
sz 15  (832,1962)  (786,2007)  (786,1961)  (877,2008)  (832,1916)  (878,1916)  (878,1962)  (784,1915)  (831,2053)  (785,2053)  (740,2007)  (740,1961)  (923,2008)  (923,2054)  (877,2054)  (739,2054)  (830,1870)  (876,1870)  (922,1870)  (924,1916)  (924,1962)  (738,1915)  (738,1869)  (784,1869)  (831,2099)  (785,2099)  (694,2008)  (694,1962)  (969,2008)  (969,2054)  (969,2100)  (923,2100)  (877,2100)  (739,2100)  (693,2100)  (693,2054)  (830,1824)  (876,1824)  (922,1824)  (970,1907)  (970,1953)  (692,1916)  (692,1870)  (692,1824)  (738,1823)  (784,1823)  (831,2145)  (1015,1999)  (1015,2045)  (1015,2091)  (1015,2137)  (969,2146)  (923,2146)  (877,2146)  (1052,2183)  (831,2191)  (1006,2192)  (960,2192)  (914,2192)
Nigeria  (791,1032)  (745,1073)  (745,1027)  (836,1078)  (791,986)  (837,986)  (837,1032)  (883,962)  (883,1008)  (929,962)
Malta  (947,419)
Romania  (1195,126)  (1234,172)  (1188,172)  (1241,89)  (1252,43)  (1298,45)
W. Libya  (939,561)  (984,607)  (938,607)  (921,515)  (985,534)  (988,653)
sz 8  (1658,1365)  (1612,1410)  (1612,1364)  (1703,1411)  (1658,1319)  (1704,1319)  (1704,1365)  (1610,1318)  (1657,1456)  (1611,1456)  (1566,1410)  (1566,1364)  (1749,1411)  (1749,1457)  (1703,1457)  (1656,1273)  (1702,1273)  (1748,1273)  (1750,1319)  (1750,1365)  (1610,1272)  (1794,1229)  (1657,1502)  (1611,1502)  (1795,1411)  (1795,1457)  (1795,1503)  (1706,1503)  (1665,1227)  (1711,1227)  (1796,1275)  (1796,1321)  (1840,1225)  (1660,1548)  (1614,1548)  (1841,1367)  (1841,1413)  (1841,1459)  (1841,1505)  (1842,1271)  (1842,1317)  (1886,1225)  (1887,1363)  (1887,1409)  (1887,1455)  (1887,1501)  (1888,1271)  (1888,1317)
sz 22  (13,1482)  (58,1528)  (12,1528)  (0,1436)  (46,1436)  (59,1482)  (92,1403)  (104,1528)  (104,1574)  (58,1574)  (12,1574)  (0,1390)  (46,1390)  (105,1449)  (92,1357)  (138,1357)  (138,1403)  (150,1495)  (150,1541)  (150,1587)  (104,1620)  (58,1620)  (12,1620)  (0,1344)  (46,1344)  (151,1449)  (163,1633)  (92,1311)  (138,1311)  (184,1311)  (184,1357)  (184,1403)  (117,1666)  (71,1666)  (25,1666)  (184,1679)  (88,1265)  (134,1265)  (180,1265)  (226,1265)  (230,1311)  (138,1712)  (92,1712)  (46,1712)  (0,1712)  (184,1725)  (138,1758)  (92,1758)  (46,1758)  (0,1758)  (184,1771)  (138,1804)  (92,1804)  (46,1804)  (0,1804)
Niger  (832,856)  (786,891)  (845,902)  (878,823)  (891,869)  (740,921)  (924,821)
E. Libya  (1094,600)  (1048,596)  (1139,646)  (1093,646)  (1112,554)  (1140,600)  (1149,692)  (1103,692)  (1118,508)
Madagascar  (1671,1648)  (1692,1694)  (1708,1602)  (1646,1729)  (1666,1775)